property	lemma
juicy	emotion
juicy	cookie
juicy	dessert
juicy	pork
juicy	wine
juicy	cake
juicy	donut
juicy	burger
juicy	pineapple
juicy	steak
juicy	report
juicy	shrimp
juicy	rumor
juicy	story
juicy	meat
juicy	lime
juicy	pear
juicy	tangerine
juicy	strawberry
juicy	tomato
juicy	satsuma
juicy	melon
juicy	nectarine
juicy	peach
juicy	beet
juicy	mango
juicy	blueberry
juicy	grape
juicy	cantaloupe
juicy	cherry
juicy	watermelon
juicy	raspberry
juicy	lemon
juicy	grapefruit
juicy	currant
juicy	banana
juicy	potato
juicy	honey
juicy	almond
juicy	saskatoon
juicy	yam
juicy	oregano
juicy	okra
juicy	spike
juicy	rutabaga
juicy	calabash
juicy	ham
juicy	lingonberry
juicy	maize
juicy	mast
juicy	coffee
juicy	gooseberry
juicy	legume
juicy	fruit
juicy	cultivar
juicy	kale
juicy	apple
juicy	hazelnut
juicy	mangold
juicy	oyster
juicy	broccoli
juicy	date
juicy	chocolate
juicy	spinach
juicy	mandarin
juicy	onion
juicy	pepperoni
juicy	olive
juicy	berry
juicy	pomegranate
juicy	barleycorn
juicy	jack
juicy	colocasia
juicy	wintergreen
juicy	corn
juicy	veggie
juicy	pudding
juicy	cauliflower
juicy	truffle
juicy	ginger
juicy	guava
juicy	pepper
juicy	cilantro
juicy	bulgur
juicy	fennel
juicy	hip
juicy	cabbage
juicy	pumpkin
juicy	custard
juicy	kernel
juicy	eggplant
juicy	sardine
juicy	chicken
juicy	leucaena
juicy	green
juicy	freestone
juicy	tamarind
juicy	asparagus
juicy	veg
juicy	pulse
juicy	cocoanut
juicy	papaya
juicy	salad
juicy	chickpea
juicy	butter
juicy	maraschino
juicy	apricot
juicy	pistachio
juicy	oilseed
juicy	tabasco
juicy	grain
juicy	puree
juicy	kumquat
juicy	rye
juicy	linseed
juicy	emperor
juicy	aubergine
juicy	crab
juicy	cinnamon
juicy	doughnut
juicy	clementine
juicy	mulberry
juicy	citrus
juicy	scallion
juicy	squash
juicy	bacca
juicy	bacon
juicy	rice
juicy	artichoke
juicy	yogurt
juicy	damson
juicy	sugar
juicy	flageolet
juicy	cumin
juicy	groundnut
juicy	plantain
juicy	tater
juicy	mangosteen
juicy	fenugreek
juicy	blackberry
juicy	cocoa
juicy	conker
juicy	marrow
juicy	nut
juicy	carrot
juicy	pip
juicy	tamarindo
juicy	cheese
juicy	mussel
juicy	cucurbit
juicy	sapodilla
juicy	pyxis
juicy	orange
juicy	scallop
juicy	gumbo
juicy	citron
juicy	biscuit
juicy	sauce
juicy	buckeye
juicy	bread
juicy	spud
juicy	windfall
juicy	seed
juicy	bean
juicy	cottonseed
juicy	pie
juicy	iceberg
juicy	peanut
juicy	candy
juicy	hackberry
juicy	actinidia
juicy	elderberry
juicy	cashews
juicy	coconut
